-1.435449481010437012e+00 1.948264956474304199e+00
1.118154287338256836e+00 1.782198786735534668e+00
8.086770772933959961e-01 -2.318924427032470703e+00
-3.221686840057373047e+00 -8.229451179504394531e-01
2.209928750991821289e+00 2.137604951858520508e-01
5.021049380302429199e-01 1.687477111816406250e+00
-2.340096473693847656e+00 -1.146103143692016602e+00
-2.671462893486022949e-01 2.550339460372924805e+00
-1.147436141967773438e+00 1.781972289085388184e+00
-2.801351547241210938e+00 -6.857990026473999023e-01
2.353599309921264648e+00 3.076855838298797607e-01
2.089755773544311523e+00 9.333773255348205566e-01
-8.161680698394775391e-01 -2.514377593994140625e+00
-1.426537394523620605e+00 -1.914263010025024414e+00
4.727652370929718018e-01 5.208055377006530762e-01
-1.228196501731872559e+00 -1.452155590057373047e+00
-3.574544489383697510e-01 1.959637880325317383e+00
5.883556604385375977e-01 2.330434560775756836e+00
-4.077154994010925293e-01 -3.088468074798583984e+00
4.621563255786895752e-01 1.232811331748962402e+00
3.579159080982208252e-01 2.067812919616699219e+00
-2.566617727279663086e-01 -1.299268126487731934e+00
1.845653772354125977e+00 1.172908186912536621e+00
-2.194282531738281250e+00 2.500187635421752930e+00
-8.499876856803894043e-01 2.272722005844116211e+00
-2.489659376442432404e-02 1.033233761787414551e+00
1.186658143997192383e+00 -2.498185873031616211e+00
1.557569861412048340e+00 7.279739379882812500e-01
-6.472313404083251953e-02 -2.690889120101928711e+00
-2.904790341854095459e-01 1.193817734718322754e+00
7.688019424676895142e-02 -1.686990380287170410e+00
7.201083302497863770e-01 -9.641269445419311523e-01
-8.996596336364746094e-01 -3.102412939071655273e+00
5.805144906044006348e-01 -1.841060876846313477e+00
1.139816522598266602e+00 -7.503229975700378418e-01
2.102185487747192383e+00 6.087953597307205200e-02
-2.403680324554443359e+00 -6.916248798370361328e-01
-1.821196913719177246e+00 -1.415425777435302734e+00
-2.808148384094238281e+00 -1.056550025939941406e+00
-6.141148805618286133e-01 -2.226023912429809570e+00
2.704265117645263672e-01 -2.232742071151733398e+00
1.258268833160400391e+00 -2.806323528289794922e+00
-9.650149345397949219e-01 -1.957884430885314941e+00
1.578518629074096680e+00 1.313812136650085449e+00
-1.969375252723693848e+00 -8.898309469223022461e-01
6.550258398056030273e-01 2.045957326889038086e+00
-9.310028553009033203e-01 -1.052119493484497070e+00
4.604076594114303589e-02 1.575801491737365723e+00
8.280771374702453613e-01 1.830919981002807617e+00
9.175303578376770020e-01 2.111991882324218750e+00
2.515042722225189209e-01 8.102663159370422363e-01
1.730767488479614258e+00 -2.187373191118240356e-01
1.435436248779296875e+00 -5.223170518875122070e-01
-5.022373795509338379e-01 1.501795291900634766e+00
2.160159826278686523e+00 6.703794002532958984e-01
5.150448679924011230e-01 -1.070208907127380371e+00
-4.728942215442657471e-01 -2.675699234008789062e+00
-4.334569275379180908e-01 -1.800879240036010742e+00
1.367991447448730469e+00 -7.630255222320556641e-01
8.681602478027343750e-01 1.509329199790954590e+00
9.355929493904113770e-01 -8.742741942405700684e-01
-1.957867294549942017e-01 -2.249849796295166016e+00
-8.339622020721435547e-01 -2.806118249893188477e+00
9.176557883620262146e-03 2.105897665023803711e+00
-5.668069124221801758e-01 1.281328439712524414e+00
1.998754739761352539e+00 -1.813345998525619507e-01
1.007321357727050781e+00 -1.405850410461425781e+00
6.298607587814331055e-01 3.024976551532745361e-01
-1.690127849578857422e+00 2.138022422790527344e+00
1.307630538940429688e+00 1.477785706520080566e+00
9.224599003791809082e-01 1.077232122421264648e+00
2.272815257310867310e-01 2.447326660156250000e+00
1.222860693931579590e+00 -2.079581975936889648e+00
-7.364246249198913574e-01 -1.475996375083923340e+00
-1.932349324226379395e+00 2.326753139495849609e+00
-1.536631464958190918e+00 -1.058841943740844727e+00
3.492532968521118164e-01 -8.957277536392211914e-01
8.120350837707519531e-01 6.348991394042968750e-01
1.718667149543762207e+00 -4.696390330791473389e-01
-8.334867954254150391e-01 1.617018342018127441e+00
