-9.411656856536865234e-01 -9.414381980895996094e-01
6.982933282852172852e-01 1.089309692382812500e+00
1.469340771436691284e-01 1.256949186325073242e+00
1.406345248222351074e+00 -6.153550148010253906e-01
-2.374836444854736328e+00 2.888532876968383789e+00
-1.587691783905029297e+00 -2.169283390045166016e+00
-4.413520693778991699e-01 1.373315572738647461e+00
-1.055096983909606934e-01 8.791645765304565430e-01
-2.930651903152465820e+00 -1.341260910034179688e+00
1.910202354192733765e-01 -1.496466517448425293e+00
1.523618221282958984e+00 8.548445701599121094e-01
1.323689818382263184e-01 5.737954974174499512e-01
8.105845451354980469e-01 -1.045862555503845215e+00
-6.813853979110717773e-01 2.225229263305664062e+00
2.154845952987670898e+00 1.336659789085388184e+00
6.350684762001037598e-01 -7.046672701835632324e-02
-7.161527872085571289e-02 1.924630880355834961e+00
-1.869344592094421387e+00 2.667926073074340820e+00
1.006574630737304688e+00 1.611174464225769043e+00
-9.430477023124694824e-01 1.748130559921264648e+00
1.895468473434448242e+00 -4.005368947982788086e-01
5.471771955490112305e-01 -5.983963012695312500e-01
-1.014308214187622070e+00 -1.702275276184082031e+00
6.895155906677246094e-01 5.016769170761108398e-01
-2.318169593811035156e+00 -1.835089445114135742e+00
-3.774124145507812500e+00 -1.423997402191162109e+00
1.732449054718017578e+00 1.418110609054565430e+00
-2.412534654140472412e-01 -2.554548025131225586e+00
-3.145639657974243164e+00 -1.759900331497192383e+00
-9.422340989112854004e-01 -2.386373043060302734e+00
-5.197448730468750000e-01 -8.890177607536315918e-01
-3.640688657760620117e-01 -1.888409733772277832e+00
-4.854997992515563965e-01 -1.276496410369873047e+00
2.615159749984741211e-01 -2.841342926025390625e+00
-1.384740591049194336e+00 2.390074729919433594e+00
3.966712951660156250e-01 1.714981555938720703e+00
-1.783179640769958496e+00 -1.261230349540710449e+00
3.108728528022766113e-01 8.334010839462280273e-01
6.088694334030151367e-01 -1.269081354141235352e+00
2.346142292022705078e+00 -3.462938070297241211e-01
