1.967116259038448334e-04 5.255802534520626068e-05
1.360850691795349121e+00 1.026501655578613281e+00
9.333172347396612167e-04 8.891331963241100311e-04
-1.203667894005775452e-01 8.137330412864685059e-01
-4.523897077888250351e-04 5.807545967400074005e-04
5.107857286930084229e-04 -7.034332957118749619e-04
6.810128688812255859e-04 -1.414521364495158195e-03
-7.909631729125976562e-01 -2.796875238418579102e+00
-8.028321899473667145e-04 -1.235457835718989372e-03
-1.450158189982175827e-03 -1.095066778361797333e-03
1.108212163671851158e-03 6.249733269214630127e-04
-1.851947307586669922e+00 -9.218562841415405273e-01
8.519983384758234024e-04 8.067458402365446091e-04
-1.284240279346704483e-04 -9.168155957013368607e-04
-1.679223328828811646e-01 -3.323638200759887695e+00
-7.808529771864414215e-04 -1.534395851194858551e-03
-7.008370161056518555e-01 -7.377300262451171875e-01
1.795379161834716797e+00 -8.317146301269531250e-01
-3.659815073013305664e+00 -1.119170308113098145e+00
6.349997129291296005e-04 -1.119222957640886307e-03
9.353156201541423798e-05 1.604582648724317551e-04
-2.458412945270538330e-01 1.110113501548767090e+00
-8.285753428936004639e-04 -1.669171731919050217e-03
-1.739580417051911354e-03 1.868903636932373047e-04
-1.396934747695922852e+00 -1.566730856895446777e+00
-1.642057657241821289e+00 -1.239923834800720215e+00
7.055881433188915253e-04 -1.229007262736558914e-03
6.335198413580656052e-04 1.397308427840471268e-03
-5.843737162649631500e-04 -1.332513056695461273e-04
-3.772508352994918823e-04 4.694038070738315582e-04
8.354606032371520996e-01 -2.900970280170440674e-01
-8.451845496892929077e-04 7.226844318211078644e-04
5.799212455749511719e-01 7.185823321342468262e-01
-1.552134985104203224e-03 1.050656428560614586e-03
-7.305869366973638535e-04 1.390606630593538284e-03
9.879271965473890305e-04 -1.207029912620782852e-03
-7.555366028100252151e-04 -1.009888248518109322e-03
-1.498679863288998604e-03 9.978679008781909943e-04
3.215218894183635712e-04 -1.532417256385087967e-03
2.215403318405151367e+00 1.928086400032043457e+00
-6.938567385077476501e-04 6.182075012475252151e-04
1.603316050022840500e-04 -5.896955262869596481e-04
1.006607199087738991e-03 -1.072998624294996262e-03
-1.745905959978699684e-03 -2.067193854600191116e-04
-2.534080669283866882e-02 1.718574523925781250e+00
3.260151147842407227e-01 1.426478028297424316e+00
-4.678401164710521698e-04 2.645701169967651367e-05
1.208100557327270508e+00 2.691018581390380859e-01
2.062639687210321426e-04 -7.554334588348865509e-04
-9.426504839211702347e-04 1.508165383711457253e-03
-1.053170533850789070e-03 1.115489751100540161e-03
2.209737777709960938e+00 1.521592617034912109e+00
-2.870489843189716339e-04 3.844001330435276031e-04
5.692481063306331635e-04 1.141828252002596855e-03
1.219664096832275391e+00 1.703936100006103516e+00
-6.961799226701259613e-05 1.463512890040874481e-03
-1.100830554962158203e+00 -1.856759905815124512e+00
1.014729496091604233e-03 1.020964235067367554e-03
5.225355625152587891e-01 5.261449217796325684e-01
1.038439571857452393e-03 -1.533883623778820038e-04
3.037953283637762070e-04 8.927611634135246277e-04
-6.425117608159780502e-04 -1.753377262502908707e-03
-2.605591434985399246e-04 1.152458600699901581e-03
-7.667976897209882736e-04 2.225053030997514725e-04
-2.830605953931808472e-04 -1.290703658014535904e-04
1.048523187637329102e+00 -1.801620364189147949e+00
3.499281592667102814e-05 -6.214594468474388123e-04
8.341341745108366013e-04 3.036928828805685043e-04
1.623497810214757919e-04 1.987628638744354248e-05
2.136488910764455795e-04 -1.842566067352890968e-03
-6.792619824409484863e-04 -2.530161291360855103e-04
1.235392410308122635e-04 -1.206178218126296997e-03
-1.434986710548400879e+00 -9.314576387405395508e-01
-2.221986800432205200e-01 -2.329963922500610352e+00
-1.600006362423300743e-03 -1.699451822787523270e-04
1.703591108322143555e+00 1.472613811492919922e+00
-1.014304580166935921e-03 -1.809466164559125900e-03
7.358449511229991913e-04 -8.621755987405776978e-04
-2.385156694799661636e-04 -1.178125850856304169e-03
6.389559712260961533e-04 -9.398343972861766815e-04
3.130274116992950439e-01 -1.690603613853454590e+00
-1.754385884851217270e-04 -3.129069227725267410e-04
-1.083574024960398674e-03 1.546129118651151657e-03
-2.770416904240846634e-04 3.713942132890224457e-04
9.955230634659528732e-04 -1.026503741741180420e-03
8.662528395652770996e-01 1.144541144371032715e+00
7.631151676177978516e-01 -8.031762242317199707e-01
-5.325085520744323730e-01 -3.353464365005493164e+00
-1.364089548587799072e-03 9.319887030869722366e-04
1.829628646373748779e-01 1.882865428924560547e+00
1.530149020254611969e-04 6.804128643125295639e-04
-7.160007357597351074e-01 -2.234447240829467773e+00
6.141651272773742676e-01 9.268357753753662109e-01
6.766871083527803421e-04 1.694585662335157394e-04
-5.699744075536727905e-02 -9.785069152712821960e-03
-1.592114800587296486e-03 7.672819774597883224e-04
1.119290944188833237e-03 1.290468499064445496e-04
-2.588119823485612869e-04 1.905052922666072845e-04
1.156015038490295410e+00 6.216570138931274414e-01
2.015346437692642212e-01 2.410785198211669922e+00
-1.446788664907217026e-04 1.517423428595066071e-03
-1.218481779098510742e+00 -2.385092020034790039e+00
-8.445531129837036133e-04 -1.886310987174510956e-03
-7.635988295078277588e-04 1.216312870383262634e-03
2.697436138987541199e-04 -1.226691994816064835e-03
-2.028478775173425674e-04 -6.970353424549102783e-04
-3.600767813622951508e-04 -7.560804951936006546e-04
-8.846382498741149902e-01 -9.263885617256164551e-01
2.816519699990749359e-04 -1.504506682977080345e-03
4.653222858905792236e-04 -2.175359986722469330e-04
-8.333122823387384415e-04 1.589821185916662216e-03
1.308647915720939636e-03 -2.489704638719558716e-05
-7.457644678652286530e-04 -1.672221813350915909e-03
9.567672386765480042e-04 -2.673300914466381073e-04
8.318396285176277161e-04 1.751387026160955429e-04
4.247196912765502930e-01 8.606284856796264648e-01
-6.893659010529518127e-04 5.850137677043676376e-04
-9.152299910783767700e-02 -1.491178393363952637e+00
-1.140128821134567261e-03 -1.755436416715383530e-03
-9.052730165421962738e-04 5.602419842034578323e-04
8.072166237980127335e-04 -2.097154501825571060e-04
-8.976911194622516632e-04 -1.476336037740111351e-03
2.706016004085540771e-01 2.116621017456054688e+00
-8.401221130043268204e-04 -3.467849455773830414e-04
-1.249243970960378647e-03 -9.233707096427679062e-04
5.542631261050701141e-04 6.610515993088483810e-04
9.631274733692407608e-04 -6.506619974970817566e-04
2.575558610260486603e-04 -1.095303334295749664e-03
-7.597603835165500641e-04 -1.087454147636890411e-03
-1.035173889249563217e-03 7.111779414117336273e-04
-6.785907316952943802e-04 -1.909365877509117126e-03
-7.541911005973815918e-01 -5.597400069236755371e-01
9.679817594587802887e-04 -1.244621817022562027e-04
-1.111552119255065918e-04 -1.476983306929469109e-03
-4.092806205153465271e-02 6.890048980712890625e-01
7.949667051434516907e-04 7.520334329456090927e-04
-1.463436987251043320e-03 1.336063491180539131e-03
-4.862947389483451843e-04 -4.138168878853321075e-05
1.111682271584868431e-03 2.492035273462533951e-04
-1.315132379531860352e+00 3.046968221664428711e+00
-1.617038622498512268e-03 -3.922639880329370499e-04
1.630680918693542480e+00 -6.765307188034057617e-01
-6.392572540789842606e-04 -7.586616557091474533e-04
-9.647718667984008789e-01 2.520505905151367188e+00
-9.040376171469688416e-04 6.247346755117177963e-04
-3.329459905624389648e+00 -9.944162368774414062e-01
-1.361397793516516685e-03 8.057861123234033585e-04
-1.153855351731181145e-03 -3.541468176990747452e-04
-7.676146924495697021e-05 -9.146954398602247238e-04
-2.455840110778808594e+00 -1.217582941055297852e+00
1.968806609511375427e-04 -8.540020789951086044e-04
-1.589368563145399094e-03 9.356099180877208710e-04
-3.699448425322771072e-04 -1.923994161188602448e-03
-1.920883776620030403e-03 7.233186624944210052e-05
-1.260910648852586746e-04 6.403294391930103302e-04
-1.026400364935398102e-03 5.040031392127275467e-04
7.910868152976036072e-04 -1.174978446215391159e-03
-8.141892030835151672e-04 -1.524376450106501579e-03
-7.030621636658906937e-04 -1.382152549922466278e-04
1.354961395263671875e+00 2.063607692718505859e+00
-9.740388486534357071e-04 4.816767759621143341e-04
-1.776398625224828720e-03 8.582863956689834595e-04
-9.830317497253417969e-01 2.725386857986450195e+00
-1.555529888719320297e-03 -9.715536143630743027e-04
5.569667555391788483e-04 1.177007099613547325e-03
-1.452388018369674683e-01 -8.050995469093322754e-01
3.381273709237575531e-04 1.503631472587585449e-03
7.425174117088317871e-01 5.724325180053710938e-01
2.755937166512012482e-04 5.700383335351943970e-04
1.239577541127800941e-03 5.804516840726137161e-04
-1.045846147462725639e-03 1.105498522520065308e-04
-1.177613157778978348e-03 2.137760166078805923e-04
4.792681429535150528e-04 9.336683433502912521e-04
9.576012380421161652e-04 4.770271480083465576e-04
6.226825062185525894e-04 -1.414671307429671288e-03
6.341112256050109863e-01 1.806734085083007812e+00
6.263896357268095016e-04 6.707282736897468567e-04
-1.113548874855041504e-03 -1.663560746237635612e-03
2.235114336013793945e+00 -7.999858260154724121e-01
-7.129367440938949585e-05 -4.481198266148567200e-05
1.792060211300849915e-04 -3.693483304232358932e-04
2.436055801808834076e-04 9.451210498809814453e-04
1.837664484977722168e+00 1.769718170166015625e+00
-8.027881849557161331e-04 -1.662732567638158798e-03
-2.061152696609497070e+00 -1.236463904380798340e+00
1.375263482332229614e-01 1.294702291488647461e+00
1.145261339843273163e-04 3.100051544606685638e-04
-1.885346136987209320e-04 -1.780313905328512192e-03
-8.216437418013811111e-04 1.470255898311734200e-03
-1.342727802693843842e-03 4.628649912774562836e-04
-6.496976129710674286e-05 2.635903656482696533e-04
-1.446888782083988190e-03 4.352841060608625412e-04
-5.862929392606019974e-04 -1.037815585732460022e-03
-9.451101068407297134e-04 -2.624967601150274277e-04
-1.084650866687297821e-04 1.735296333208680153e-03
-1.184135079383850098e+00 2.823865652084350586e+00
2.794591665267944336e+00 -1.664299130439758301e+00
-8.240418974310159683e-04 1.581744290888309479e-04
-7.376780509948730469e-01 2.806009054183959961e+00
1.677001595497131348e+00 1.105408906936645508e+00
2.409432649612426758e+00 -1.481318473815917969e+00
-1.316128764301538467e-03 -3.691711463034152985e-04
-3.564888611435890198e-04 -7.082119118422269821e-04
-1.881069038063287735e-04 -1.024917000904679298e-03
-6.205309182405471802e-05 4.290011711418628693e-04
6.617234349250793457e-01 -1.155729413032531738e+00
-1.016939291730523109e-03 1.579429954290390015e-04
-5.463301204144954681e-04 1.015901798382401466e-03
-2.000280655920505524e-04 -1.043088501319289207e-03
-5.656079649925231934e-01 1.963973999023437500e+00
-9.045479819178581238e-04 7.732862140983343124e-04
-5.535327792167663574e-01 2.534968852996826172e+00
-1.214422518387436867e-03 -6.096553988754749298e-05
-2.099235057830810547e-01 4.294074177742004395e-01
-7.643674034625291824e-04 -6.119781173765659332e-04
-1.268333289772272110e-03 5.249208770692348480e-04
7.637324929237365723e-01 1.995304942131042480e+00
-5.537984967231750488e-01 -6.119308471679687500e-01
2.105139970779418945e+00 1.762725114822387695e+00
-9.146876931190490723e-01 -6.486605405807495117e-01
-5.433363839983940125e-04 1.562971388921141624e-03
-8.735975716263055801e-04 -1.178612932562828064e-03
-4.613772034645080566e-05 6.638567429035902023e-04
-1.644596690312027931e-03 -1.168128335848450661e-03
-1.172599149867892265e-03 -1.562733668833971024e-03
3.089612126350402832e-01 6.147699356079101562e-01
1.607838273048400879e-01 -8.203705549240112305e-01
-1.727267401292920113e-03 -3.114554565399885178e-04
-4.674061201512813568e-04 7.901121862232685089e-04
-1.545100240036845207e-03 9.602336212992668152e-04
-1.241111662238836288e-03 -2.372590824961662292e-05
-2.901738043874502182e-04 -8.595678955316543579e-04
-1.578225521370768547e-03 -1.299814786761999130e-03
-1.670747529715299606e-03 -8.949828334152698517e-04
4.208971858024597168e-01 6.939921975135803223e-01
2.073941946029663086e+00 -9.739487171173095703e-01
-2.878406524658203125e+00 -1.119092941284179688e+00
1.482935190200805664e+00 6.379929780960083008e-01
2.676234580576419830e-04 -6.656814366579055786e-05
-2.087902426719665527e-01 1.903501510620117188e+00
-4.787975922226905823e-05 -1.155911013484001160e-03
-7.712031006813049316e-01 -1.284865140914916992e+00
-1.585359917953610420e-03 -1.075561856850981712e-03
1.125679584220051765e-03 -3.513786941766738892e-05
-2.784980535507202148e-01 -5.778226852416992188e-01
-1.608626917004585266e-03 -1.022998476400971413e-03
2.252615451812744141e+00 -1.238526225090026855e+00
7.029466796666383743e-04 -1.423294655978679657e-03
-1.061109825968742371e-03 -1.365638338029384613e-03
-1.298653660342097282e-03 3.692402970045804977e-04
4.748804494738578796e-04 -9.915463160723447800e-04
4.035115242004394531e-01 1.235156774520874023e+00
2.762902259826660156e+00 -1.926902651786804199e+00
-1.173108117654919624e-03 -1.384596340358257294e-03
-2.843332588672637939e-01 2.136698007583618164e+00
1.022555947303771973e+00 1.916795492172241211e+00
1.076443120837211609e-03 -3.231875598430633545e-04
-3.307422157377004623e-04 1.564206089824438095e-03
-2.115233801305294037e-04 -1.599366078153252602e-03
-1.692707883194088936e-03 9.768770541995763779e-04
-1.407850068062543869e-04 -6.301687099039554596e-04
1.402921199798583984e+00 1.408906698226928711e+00
-1.223927829414606094e-04 1.580183859914541245e-03
1.018591403961181641e+00 -5.054513812065124512e-01
2.019144773483276367e+00 1.254733443260192871e+00
2.903946042060852051e-01 4.601932764053344727e-01
3.254306502640247345e-04 1.466960879042744637e-03
7.018742617219686508e-04 -5.632778629660606384e-05
2.473965287208557129e-05 1.501934370025992393e-03
-9.938563704490661621e-01 -1.506668567657470703e+00
-5.123678129166364670e-04 1.095145707949995995e-03
8.680962920188903809e-01 8.803736418485641479e-03
1.979653954505920410e+00 -7.143671512603759766e-01
9.571090340614318848e-01 1.969902962446212769e-01
-1.360706519335508347e-04 -1.133866840973496437e-03
-1.527474494650959969e-03 -2.435208298265933990e-04
-1.445442438125610352e-03 -5.150684155523777008e-04
-6.959709525108337402e-01 -1.785486102104187012e+00
-4.244788289070129395e-01 -9.245714545249938965e-01
-1.579402208328247070e+00 3.009374618530273438e+00
-9.206363465636968613e-04 -8.411274757236242294e-04
8.300638291984796524e-04 -2.731212880462408066e-04
-2.380176447331905365e-04 -1.696194522082805634e-05
-1.773117808625102043e-03 -5.865178536623716354e-04
2.324351787567138672e+00 1.729465961456298828e+00
1.340336322784423828e+00 -5.852489471435546875e-01
-3.788932226598262787e-04 1.464189030230045319e-03
-1.213838113471865654e-03 9.756202343851327896e-04
-7.460908964276313782e-04 -1.884929602965712547e-03
2.528338909149169922e+00 -1.225799560546875000e+00
-1.528011402115225792e-03 1.459558261558413506e-03
2.709429860115051270e-01 -2.421281337738037109e-01
7.455390691757202148e-01 7.646518349647521973e-01
1.377300126478075981e-03 -8.483999408781528473e-05
-3.710561431944370270e-04 -4.663025029003620148e-04
-2.634381055831909180e-01 6.649003624916076660e-01
-3.239389181137084961e+00 -1.272362947463989258e+00
6.308655720204114914e-04 1.579546369612216949e-04
6.110532581806182861e-02 9.819445610046386719e-01
-1.097414195537567139e-01 9.726456403732299805e-01
7.285671308636665344e-04 -4.672326613217592239e-04
1.051825471222400665e-03 -9.252040181308984756e-04
1.553135395050048828e+00 1.743131041526794434e+00
-1.605849247425794601e-04 -1.893912674859166145e-03
-2.310175180435180664e+00 -8.920443058013916016e-01
-1.785847067832946777e+00 -1.511762738227844238e+00
-1.755061792209744453e-03 7.666929159313440323e-04
9.662337303161621094e-01 2.188160896301269531e+00
4.285478498786687851e-04 1.071009319275617599e-03
-4.345225170254707336e-04 -4.204034339636564255e-04
9.602848440408706665e-04 4.884684458374977112e-04
2.530349731445312500e+00 -1.713397145271301270e+00
-1.758624240756034851e-02 -3.029492616653442383e+00
3.472622483968734741e-04 5.041148979216814041e-04
2.367348521947860718e-01 9.400632381439208984e-01
6.333830952644348145e-01 1.137555003166198730e+00
8.001803159713745117e-01 1.349656462669372559e+00
2.300639171153306961e-04 -2.440321259200572968e-04
1.008627004921436310e-04 -5.598412826657295227e-05
-1.560992561280727386e-03 4.617879167199134827e-04
-7.732214871793985367e-04 -1.157018123194575310e-03
1.096675872802734375e+00 3.779555857181549072e-02
6.360616534948348999e-04 -3.809179179370403290e-04
1.222572522237896919e-03 4.278719425201416016e-04
-1.619163667783141136e-03 1.656038220971822739e-04
-1.001818338409066200e-03 -6.166959647089242935e-04
3.901013135910034180e-01 1.804740190505981445e+00
-5.915381480008363724e-04 -1.201943261548876762e-03
-2.657776355743408203e+00 -8.667746782302856445e-01
-1.662775874137878418e-03 6.766535807400941849e-04
-5.027817096561193466e-04 -1.536821946501731873e-04
-7.687196731567382812e-01 2.591006994247436523e+00
4.666233435273170471e-04 -6.881696172058582306e-04
1.996456623077392578e+00 1.999069094657897949e+00
1.091216683387756348e+00 9.287580847740173340e-01
7.104421965777873993e-04 -6.496720016002655029e-04
-4.880386404693126678e-05 1.928582787513732910e-05
1.868603006005287170e-02 5.360124111175537109e-01
-1.110563287511467934e-03 1.491300296038389206e-03
8.051554323174059391e-04 2.038145542144775391e+00
-8.099249098449945450e-04 4.704482853412628174e-05
5.759634971618652344e-01 1.359720468521118164e+00
-7.343333214521408081e-02 2.289909362792968750e+00
-2.024671994149684906e-05 -5.529015325009822845e-04
1.219653487205505371e+00 -1.669131219387054443e-01
5.226650238037109375e-01 -8.780782818794250488e-01
-2.484936267137527466e-04 5.089738406240940094e-04
-1.042622029781341553e-01 -1.106883287429809570e+00
-3.798536490648984909e-04 -9.492568206042051315e-04
8.600256405770778656e-04 -5.838032811880111694e-04
-3.314481973648071289e-01 -2.759187459945678711e+00
-8.374301251024007797e-04 -1.268454594537615776e-03
-6.886059418320655823e-05 1.039518974721431732e-05
9.399286936968564987e-04 9.169853292405605316e-04
-1.310219988226890564e-03 3.061406314373016357e-04
9.866877198219299316e-01 1.520342469215393066e+00
-1.302080694586038589e-03 -8.286698721349239349e-04
9.070439264178276062e-04 -1.076960470527410507e-04
7.848173975944519043e-01 -1.823115944862365723e-01
-7.406792137771844864e-04 1.451768912374973297e-03
7.319241017103195190e-02 8.234519362449645996e-01
1.708366274833679199e+00 2.019727468490600586e+00
1.153908669948577881e-06 8.757070172578096390e-04
2.575109712779521942e-02 -2.647256612777709961e+00
-2.555907703936100006e-04 1.358898589387536049e-03
4.562770482152700424e-04 -1.450056210160255432e-03
-1.622005365788936615e-03 1.438654493540525436e-03
1.744017936289310455e-05 1.371273305267095566e-03
9.074792861938476562e-01 -5.475947856903076172e-01
-1.196189165115356445e+00 2.632366657257080078e+00
-9.867975022643804550e-04 -1.372677739709615707e-03
-1.140082953497767448e-03 1.312131527811288834e-03
2.480985131114721298e-04 3.214499447494745255e-04
8.756176233291625977e-01 1.759029507637023926e+00
-6.703303661197423935e-04 -1.826632302254438400e-03
-1.765970140695571899e-03 2.587544731795787811e-04
6.081028841435909271e-04 -2.969105262309312820e-04
3.535703290253877640e-04 3.295466303825378418e-04
4.334561526775360107e-04 -1.266082981601357460e-03
-1.019407063722610474e-03 -3.165232483297586441e-04
7.991602271795272827e-02 1.499449014663696289e+00
1.322571188211441040e-04 -1.875293673947453499e-03
-1.343773910775780678e-03 3.516760189086198807e-04
-5.273758172988891602e-01 -1.516306161880493164e+00
4.612125921994447708e-04 -8.216043934226036072e-04
1.299399286508560181e-01 -2.139887571334838867e+00
-3.950711786746978760e-01 -1.200303077697753906e+00
-7.067885715514421463e-03 1.160243988037109375e+00
1.618640962988138199e-04 6.761546246707439423e-04
-7.615899667143821716e-04 -7.141537498682737350e-04
8.722345829010009766e-01 -4.442905485630035400e-01
3.516278229653835297e-04 4.171363543719053268e-04
9.249203205108642578e-01 6.983455419540405273e-01
-6.098174490034580231e-04 -1.129612093791365623e-03
-2.206639289855957031e+00 -1.655339241027832031e+00
6.639717612415552139e-04 -8.336151950061321259e-05
-1.293689489364624023e+00 -1.292975544929504395e+00
-1.883213641121983528e-03 -5.030166357755661011e-05
-1.312076114118099213e-03 -9.193653240799903870e-04
1.970017075538635254e+00 1.542467713356018066e+00
1.294906716793775558e-03 5.708814132958650589e-04
-5.153873562812805176e-01 2.269621610641479492e+00
-3.837975673377513885e-04 -6.201281212270259857e-05
-6.661072839051485062e-04 -7.691041100770235062e-04
-9.884806349873542786e-04 -1.756596611812710762e-03
-8.623765315860509872e-04 1.484872773289680481e-04
8.456824421882629395e-01 3.931477069854736328e-01
-3.811892867088317871e-01 -3.074734687805175781e+00
-6.751390174031257629e-04 6.521069444715976715e-04
-1.680565997958183289e-03 -1.273743109777569771e-03
2.384164184331893921e-01 1.653107404708862305e+00
1.391971018165349960e-04 3.668016288429498672e-04
1.104714512825012207e+00 1.264446258544921875e+00
-7.407311350107192993e-04 -6.159462500363588333e-04
-1.607567191123962402e+00 -1.914789676666259766e+00
-2.618597354739904404e-04 5.354490131139755249e-04
-6.808505859225988388e-04 3.363308496773242950e-05
8.841955568641424179e-04 -1.283989287912845612e-03
-3.478708676993846893e-04 2.202452160418033600e-04
-6.593537926673889160e-01 -1.033388853073120117e+00
-4.009092450141906738e-01 -7.293148636817932129e-01
2.696940209716558456e-04 -1.277115195989608765e-03
-1.329794060438871384e-03 2.805790863931179047e-04
8.635357953608036041e-04 3.933575935661792755e-04
7.163556814193725586e-01 1.570847868919372559e+00
-8.738131728023290634e-04 -1.688020071014761925e-03
4.199406504631042480e-01 1.045386791229248047e+00
-1.348023070022463799e-03 1.401294488459825516e-03
-6.931284442543983459e-04 4.789140075445175171e-05
2.245061993598937988e-01 1.118176817893981934e+00
2.268797252327203751e-04 -2.122367732226848602e-05
-7.727899551391601562e-01 2.339184999465942383e+00
1.359163671731948853e-01 6.515765190124511719e-01
-2.997364282608032227e+00 -8.837721943855285645e-01
-1.273085363209247589e-04 5.738565232604742050e-04
2.024590503424406052e-04 -1.198051730170845985e-03
1.315407872200012207e+00 -1.038537621498107910e+00
-3.625126555562019348e-04 -1.665956806391477585e-03
-1.712149241939187050e-03 3.497002180665731430e-04
1.170602627098560333e-04 -1.238389639183878899e-03
-3.463717997074127197e-01 1.641290545463562012e+00
-2.441411614418029785e-01 -1.844534516334533691e+00
-2.450947649776935577e-04 6.090498063713312149e-04
5.066236257553100586e-01 2.018262386322021484e+00
3.028560895472764969e-04 -1.009500352665781975e-03
-3.188796937465667725e-01 8.745692968368530273e-01
6.965871434658765793e-04 6.970239337533712387e-04
7.195165380835533142e-06 -5.167231429368257523e-04
2.240387257188558578e-04 -1.224616542458534241e-03
-9.375943336635828018e-04 9.416516404598951340e-04
2.366805791854858398e+00 -1.020016670227050781e+00
4.713174402713775635e-01 1.590661406517028809e+00
8.930824697017669678e-05 1.334057189524173737e-03
-9.265348780900239944e-04 5.891479086130857468e-04
-7.339636795222759247e-05 -3.341846168041229248e-04
-5.990418139845132828e-04 1.157774822786450386e-03
7.057235240936279297e-01 -5.127256512641906738e-01
-1.373786479234695435e-03 -4.630710463970899582e-04
-1.628972589969635010e-03 -5.373635794967412949e-04
-1.726131886243820190e-03 3.620006609708070755e-04
2.688673436641693115e-01 -1.198023080825805664e+00
6.529828533530235291e-04 -6.750137545168399811e-04
4.027464892715215683e-04 -1.911730505526065826e-04
2.012469340115785599e-04 1.157816266641020775e-03
-1.093973405659198761e-03 -1.013867557048797607e-03
2.815369516611099243e-04 -1.223994418978691101e-03
6.037541031837463379e-01 2.250153779983520508e+00
2.438481450080871582e-01 7.748439311981201172e-01
-4.638761747628450394e-04 -1.193867530673742294e-03
-1.805393025279045105e-03 -1.436744350939989090e-04
-1.589338760823011398e-03 -1.225346932187676430e-03
-1.073585510253906250e+00 -1.113456010818481445e+00
8.312656283378601074e-01 9.393070936203002930e-01
-2.265379875898361206e-01 2.643869400024414062e+00
4.656722303479909897e-04 -8.854123298078775406e-04
-1.398594817146658897e-03 1.784446649253368378e-04
-1.336045097559690475e-04 1.419841777533292770e-03
8.367658592760562897e-04 -3.692312166094779968e-04
-1.652095932513475418e-03 -9.482160676270723343e-04
-1.241160323843359947e-03 6.694123148918151855e-04
4.169135354459285736e-04 1.270631793886423111e-03
2.427047584205865860e-04 6.521639879792928696e-04
1.146436901763081551e-03 5.220815073698759079e-04
-8.858568035066127777e-04 7.981483358889818192e-04
1.255230046808719635e-03 -2.631442621350288391e-04
3.250047191977500916e-02 2.444633245468139648e-01
5.048161838203668594e-04 -1.449388684704899788e-03
2.653743505477905273e+00 -1.443866252899169922e+00
-1.546503743156790733e-03 -9.942962788045406342e-04
-1.862152712419629097e-03 -8.393391035497188568e-04
-7.543973624706268311e-04 1.082592643797397614e-03
2.053524367511272430e-04 -1.535139279440045357e-03
6.414152979850769043e-01 3.289857804775238037e-01
-5.064147990196943283e-04 -7.938239723443984985e-04
1.150884747505187988e+00 -5.343363881111145020e-01
1.956182003021240234e+00 8.162229061126708984e-01
-1.376511063426733017e-04 -1.171280164271593094e-03
-8.204681798815727234e-04 1.661200076341629028e-05
-2.756442409008741379e-04 -1.663005677983164787e-03
-1.347180902957916260e-01 1.392505049705505371e+00
-2.757928371429443359e+00 -1.457774639129638672e+00
3.122515045106410980e-04 -6.898308638483285904e-04
-3.269188404083251953e-01 2.398272037506103516e+00
-1.392352581024169922e+00 2.794848680496215820e+00
-1.032363653182983398e+00 2.982656717300415039e+00
-2.273793704807758331e-02 -9.165973216295242310e-02
-1.124823689460754395e+00 -7.924614548683166504e-01
3.880076110363006592e-05 5.776027683168649673e-04
4.916102625429630280e-04 4.293438978493213654e-04
-1.123459311202168465e-03 -1.300926087424159050e-03
6.561931222677230835e-04 3.124543000012636185e-04
1.039174914360046387e+00 4.203398227691650391e-01
