-1.232022285461425781e+00 1.302271246910095215e+00
-1.043691873550415039e+00 -3.053530693054199219e+00
1.353486180305480957e+00 7.420079708099365234e-01
2.388837337493896484e+00 -9.054793715476989746e-01
2.102218627929687500e+00 4.059223234653472900e-01
-8.903561234474182129e-01 2.065577059984207153e-01
-3.686853647232055664e-01 3.591880321502685547e+00
2.206461429595947266e+00 -4.691177606582641602e-01
-3.688271641731262207e-01 -2.149316072463989258e+00
-5.644893050193786621e-01 8.828993886709213257e-02
9.626178145408630371e-01 1.183914184570312500e+00
-1.949262619018554688e+00 -4.361514151096343994e-01
1.863493323326110840e+00 1.730058342218399048e-01
-1.323362588882446289e+00 -2.861259460449218750e+00
-1.075336217880249023e+00 1.838878870010375977e+00
3.222847461700439453e+00 -6.818963885307312012e-01
-7.273020744323730469e-01 1.712473392486572266e+00
-1.598712325096130371e+00 -3.995448946952819824e-01
-8.278349041938781738e-01 6.077331900596618652e-01
-1.074745297431945801e+00 2.305841445922851562e+00
-8.937309980392456055e-01 -9.705579280853271484e-02
-6.907970309257507324e-01 4.204953670501708984e+00
8.781808614730834961e-01 1.398627996444702148e+00
-1.288358211517333984e+00 2.020786285400390625e+00
-4.238724708557128906e-01 1.534788012504577637e+00
-7.408230304718017578e-01 -2.358103036880493164e+00
1.196992397308349609e+00 9.295219928026199341e-02
-2.253575801849365234e+00 -2.783267498016357422e-01
-5.769435763359069824e-01 3.345709323883056641e+00
-1.359156012535095215e+00 -3.287475824356079102e+00
-2.643860578536987305e-01 2.767163515090942383e+00
-6.741060018539428711e-01 1.066634058952331543e+00
-6.022170782089233398e-01 3.666547536849975586e+00
-2.610969305038452148e+00 -4.817686378955841064e-01
-1.476141095161437988e+00 -8.327055722475051880e-02
-1.245571613311767578e+00 8.005352616310119629e-01
-2.721100568771362305e+00 -7.269754409790039062e-01
1.450176358222961426e+00 -1.482380509376525879e+00
-1.503065824508666992e+00 1.551655411720275879e+00
2.780268907546997070e+00 -8.207762837409973145e-01
1.437705636024475098e+00 -2.072807073593139648e+00
1.404320955276489258e+00 8.225858956575393677e-02
1.531959533691406250e+00 -1.209445372223854065e-01
-4.405074194073677063e-02 1.367091059684753418e+00
2.182204484939575195e+00 7.019473314285278320e-01
-1.466950178146362305e+00 2.911143898963928223e-01
1.931463003158569336e+00 -1.282294154167175293e+00
1.322243571281433105e+00 -1.812463164329528809e+00
1.357927322387695312e+00 4.036103785037994385e-01
-2.423890590667724609e+00 -7.919254899024963379e-01
-5.434666275978088379e-01 4.080876410007476807e-01
-7.333279252052307129e-01 -2.779170274734497070e+00
1.814743757247924805e+00 4.427963197231292725e-01
6.210797429084777832e-01 -2.256807565689086914e+00
-1.930592656135559082e-01 9.467241168022155762e-01
1.783147931098937988e+00 -2.033348321914672852e+00
6.589366197586059570e-01 1.203255772590637207e+00
5.133003592491149902e-01 -1.042185187339782715e+00
-2.994915723800659180e+00 -7.142751216888427734e-01
1.227068066596984863e+00 -3.182866275310516357e-01
-7.375316023826599121e-01 1.336175441741943359e+00
-1.788021206855773926e+00 -6.725800633430480957e-01
1.606933593750000000e+00 5.696522593498229980e-01
7.094279527664184570e-01 8.818848729133605957e-01
1.610985875129699707e+00 9.369333386421203613e-01
-9.689922332763671875e-01 1.187185764312744141e+00
6.651730537414550781e-01 -1.384763956069946289e+00
1.607224196195602417e-01 4.204508066177368164e-01
-2.082451105117797852e+00 -7.563093304634094238e-01
1.760726094245910645e+00 -5.224410891532897949e-01
1.780269980430603027e+00 1.098469495773315430e+00
2.956269741058349609e+00 -5.914421677589416504e-01
2.611058950424194336e+00 -5.109376907348632812e-01
2.052585601806640625e+00 6.723952889442443848e-01
-2.855320274829864502e-01 -1.896682232618331909e-01
-1.261850595474243164e+00 -2.957507073879241943e-01
1.401844382286071777e+00 1.152854323387145996e+00
1.080271959304809570e+00 -1.646225333213806152e+00
3.054733872413635254e-01 -1.918069839477539062e+00
5.423286557197570801e-01 1.686468601226806641e+00
-1.484832406044006348e+00 2.260404348373413086e+00
-5.699115991592407227e-01 2.978703022003173828e+00
-1.185658574104309082e+00 3.907056525349617004e-02
-2.966195344924926758e-02 -1.897598147392272949e+00
8.013909459114074707e-01 1.607691884040832520e+00
1.966492414474487305e+00 8.242088556289672852e-01
6.443457603454589844e-01 3.594435751438140869e-01
2.175316959619522095e-01 8.910737037658691406e-01
-8.201595395803451538e-02 1.851270794868469238e+00
-2.784565389156341553e-01 -2.601802349090576172e+00
1.610214829444885254e+00 2.248196303844451904e-01
-4.269657433032989502e-01 1.187677621841430664e+00
-1.619181632995605469e+00 1.884614467620849609e+00
-2.954334616661071777e-01 3.192738533020019531e+00
6.243474483489990234e-01 1.464045047760009766e+00
-2.278126955032348633e+00 -5.801215767860412598e-01
1.113467454910278320e+00 -7.806375026702880859e-01
-8.839926719665527344e-01 9.260455965995788574e-01
-6.442381739616394043e-01 2.501206636428833008e+00
6.987620592117309570e-01 -1.809082746505737305e+00
8.594348430633544922e-01 -1.023787498474121094e+00
-1.694772392511367798e-01 2.365177154541015625e+00
-4.434573650360107422e-01 2.017083883285522461e+00
-1.012124776840209961e+00 1.460972070693969727e+00
1.381211876869201660e+00 -3.531612455844879150e-01
-1.932915747165679932e-01 5.735989809036254883e-01
1.276455640792846680e+00 -1.452654302120208740e-01
1.102265238761901855e+00 -1.293460607528686523e+00
-1.805819630622863770e+00 -1.291299462318420410e-01
-5.468145012855529785e-01 3.933795928955078125e+00
1.069694519042968750e+00 6.837807893753051758e-01
-1.097962617874145508e+00 -2.582894325256347656e+00
-1.227535128593444824e+00 1.576974511146545410e+00
1.612923502922058105e+00 -1.783648967742919922e+00
-8.002851009368896484e-01 2.086587905883789062e+00
3.327090144157409668e-01 -1.558204770088195801e+00
1.794394493103027344e+00 8.346003293991088867e-01
-1.126564145088195801e+00 4.158974885940551758e-01
1.987624764442443848e+00 -8.432444334030151367e-01
1.518596053123474121e+00 -9.782186150550842285e-01
-5.121374130249023438e-01 8.035944700241088867e-01
3.209130465984344482e-01 -3.400800377130508423e-02
1.069336175918579102e+00 9.373766779899597168e-01
7.567306607961654663e-02 -2.304835081100463867e+00
1.937097787857055664e+00 6.174334883689880371e-01
1.136815190315246582e+00 -2.005930900573730469e+00
-1.740809977054595947e-01 1.911400705575942993e-01
-1.378924250602722168e+00 1.755514502525329590e+00
